1017.4131042622367
921.613239946835
930.8894692560841
934.7041068483164
972.0368191562147
831.966745316908
893.3258576793914
838.1634728530037
921.0442587057413
821.406190850433
842.8687995679377
893.3258576793914
954.607567959594
913.5194829207169
838.1634728530037
838.1634728530037
906.8981547714508
841.6537612151786
841.6537612151786
821.406190850433
821.406190850433
821.406190850433
821.406190850433
821.406190850433
792.5668679012733
911.5006357751217
910.2182883455538
838.1634728530037
913.5734280441371
821.406190850433
913.5734280441371
911.5006357751217
821.406190850433
838.1634728530037
906.8981547714508
911.5006357751217
838.1634728530037
841.6537612151786
804.600163599056
841.6537612151786
851.1434390222831
841.6537612151786
841.6537612151786
913.5734280441371
899.1372915186461
904.0420716391908
821.406190850433
906.8981547714508
851.1434390222831
842.8687995679377
841.6537612151786
841.6537612151786
903.4078664092758
841.6537612151786
841.6537612151786
821.406190850433
911.5006357751217
841.6537612151786
