975.054322346502
878.034174652107
777.2912914061036
753.6585803473923
839.5989902188558
821.0569697127564
770.654314886367
724.1519307301244
794.2845541046105
870.1999879490467
914.0642722930653
843.9725124629957
840.087597831264
805.6701000114052
847.9844158925133
811.388470077887
774.8432042749919
775.0222327127067
876.3408019902998
690.4647287902827
724.9891548518727
799.8610774271311
868.1935590989141
822.6504143182052
794.2845541046105
786.6440061766813
774.8432042749919
804.600163599056
873.639528309414
817.5023959717731
836.9459378433456
871.41974648912
900.6816763184293
827.8874973763758
830.6072795983706
873.9650841864728
789.4075802639993
852.7927054069409
722.11411823904
690.4647287902827
809.7415327189683
720.0952710934448
752.2580024155009
793.873721975773
720.0952710934448
722.11411823904
810.6724562235526
813.4232532396933
786.6440061766813
830.6072795983706
789.4075802639993
822.3808722027144
774.8432042749919
770.654314886367
809.1463925180417
844.3357167347576
