813.6829367460339
813.6829367460339
813.6829367460339
813.6829367460339
813.6829367460339
828.3139472161965
828.3139472161965
993.6967448549997
993.6967448549997
993.6967448549997
828.3139472161965
828.3139472161965
828.3139472161965
828.3139472161965
847.3444649170726
847.3444649170726
847.3444649170726
847.3444649170726
847.3444649170726
847.3444649170726
956.7453634266051
956.7453634266051
939.6264301260042
911.5131392781705
911.5131392781705
911.5131392781705
911.5131392781705
911.5131392781705
1054.1971137035307
1054.1971137035307
1054.1971137035307
1054.1971137035307
1054.1971137035307
1170.6412088101706
1170.6412088101706
1271.6298119391274
1271.6298119391274
1271.6298119391274
1271.6298119391274
1271.6298119391274
1271.6298119391274
1271.6298119391274
1271.6298119391274
1099.3023905951877
1099.3023905951877
1115.8355259142722
1115.8355259142722
1115.8355259142722
1115.8355259142722
1115.8355259142722
1044.8876400074757
1044.8876400074757
1084.0294300517623
1084.0294300517623
1199.1153324530478
1199.1153324530478
1254.2763990879514
1254.2763990879514
1254.2763990879514
1254.2763990879514
1254.2763990879514
1254.2763990879514
1254.2763990879514
1254.2763990879514
1132.0548005922792
1132.0548005922792
1132.0548005922792
1132.0548005922792
1132.0548005922792
1204.9820450711109
1204.9820450711109
1204.9820450711109
