793.2996249544466
720.0952710934448
690.4647287902827
671.4342110895017
671.4342110895017
671.4342110895017
671.4342110895017
671.4342110895017
671.4342110895017
671.4342110895017
671.4342110895017
671.4342110895017
671.4342110895017
671.4342110895017
671.4342110895017
671.4342110895017
671.4342110895017
671.4342110895017
671.4342110895017
671.4342110895017
671.4342110895017
671.4342110895017
671.4342110895017
671.4342110895017
671.4342110895017
671.4342110895017
671.4342110895017
671.4342110895017
671.4342110895017
671.4342110895017
671.4342110895017
671.4342110895017
671.4342110895017
671.4342110895017
671.4342110895017
671.4342110895017
671.4342110895017
671.4342110895017
671.4342110895017
671.4342110895017
671.4342110895017
671.4342110895017
671.4342110895017
671.4342110895017
671.4342110895017
671.4342110895017
671.4342110895017
671.4342110895017
671.4342110895017
671.4342110895017
671.4342110895017
671.4342110895017
671.4342110895017
671.4342110895017
671.4342110895017
671.4342110895017
